Sandstone 0.0 1.4619840379489396e-11 0.08378396567827164
Sandstone 0.1 1.4115742768931715e-11 1.0214654055842862
Sandstone 0.2 1.3614892001589299e-11 2.0179858288335666
Sandstone 0.3 1.3119959488332096e-11 2.989555988026886
Sandstone 0.4 1.2631318369638933e-11 3.9363128420972777
Sandstone 0.5 1.2149292076104298e-11 4.858510511572518
Sandstone 0.6 1.167416426902038e-11 5.756498209122617
Sandstone 0.7 1.1206186547288636e-11 6.630701044030443
Sandstone 0.8 1.0745584515328924e-11 7.481603494917294
Sandstone 0.9 1.0292562658420838e-11 8.309735307810252
Sandstone 1.0 9.847308353566568e-12 9.11565956267987
Sandstone 1.1 9.409995251365018e-12 9.899962653433926
Sandstone 1.2 8.98078619330533e-12 10.66324593834614
Sandstone 1.3 8.55983577535931e-12 11.40611883585716
Sandstone 1.4 8.14729262924235e-12 12.12919316164938
Sandstone 1.5 7.743301464178879e-12 12.833078524841603
Sandstone 1.6 7.348004891902289e-12 13.518378622748559
Sandstone 1.7 6.961545043851999e-12 14.18568829408523
Sandstone 1.8 6.584064980428921e-12 14.835591209308514
Sandstone 1.9 6.215709886417826e-12 15.468658093766484
Sandstone 2.0 5.856628043270328e-12 16.085445394419455
Sandstone-clayrich 0.0 1.4301248945819676e-12 0.08378396567827164
Sandstone-clayrich 0.1 1.3787965162936304e-12 1.0214654055842862
Sandstone-clayrich 0.2 1.3278210253051695e-12 2.0179858288335666
Sandstone-clayrich 0.3 1.2774614548616764e-12 2.989555988026886
Sandstone-clayrich 0.4 1.2277561728830538e-12 3.9363128420972777
Sandstone-clayrich 0.5 1.178738856794588e-12 4.858510511572518
Sandstone-clayrich 0.6 1.130439479446206e-12 5.756498209122617
Sandstone-clayrich 0.7 1.0828850726791009e-12 6.630701044030443
Sandstone-clayrich 0.8 1.0361003276470422e-12 7.481603494917294
Sandstone-clayrich 0.9 9.901080761369638e-13 8.309735307810252
Sandstone-clayrich 1.0 9.44929685279822e-13 9.11565956267987
Sandstone-clayrich 1.1 9.005853887755895e-13 9.899962653433926
Sandstone-clayrich 1.2 8.570945706470622e-13 10.66324593834614
Sandstone-clayrich 1.3 8.144760121854184e-13 11.40611883585716
Sandstone-clayrich 1.4 7.72748108800581e-13 12.12919316164938
Sandstone-clayrich 1.5 7.319290606352621e-13 12.833078524841603
Sandstone-clayrich 1.6 6.920370387878878e-13 13.518378622748559
Sandstone-clayrich 1.7 6.530903276073182e-13 14.18568829408523
Sandstone-clayrich 1.8 6.151074426044077e-13 14.835591209308514
Sandstone-clayrich 1.9 5.781072229410984e-13 15.468658093766484
Sandstone-clayrich 2.0 5.421088971067699e-13 16.085445394419455
Sandstone-claypoor 0.0 1.4931763856053262e-11 0.08378396567827164
Sandstone-claypoor 0.1 1.4436933201271363e-11 1.0214654055842862
Sandstone-claypoor 0.2 1.3945074829166176e-11 2.0179858288335666
Sandstone-claypoor 0.3 1.345890381721214e-11 2.989555988026886
Sandstone-claypoor 0.4 1.2978786647799036e-11 3.9363128420972777
Sandstone-claypoor 0.5 1.2505037550881807e-11 4.858510511572518
Sandstone-claypoor 0.6 1.203792851538252e-11 5.756498209122617
Sandstone-claypoor 0.7 1.157769705591988e-11 6.630701044030443
Sandstone-claypoor 0.8 1.1124552332441066e-11 7.481603494917294
Sandstone-claypoor 0.9 1.0678680072491299e-11 8.309735307810252
Sandstone-claypoor 1.0 1.0240246627686635e-11 9.11565956267987
Sandstone-claypoor 1.1 9.809402403401241e-12 9.899962653433926
Sandstone-claypoor 1.2 9.386284829573255e-12 10.66324593834614
Sandstone-claypoor 1.3 8.971020986950428e-12 11.40611883585716
Sandstone-claypoor 1.4 8.563729963531037e-12 12.12919316164938
Sandstone-claypoor 1.5 8.164524987381195e-12 12.833078524841603
Sandstone-claypoor 1.6 7.773515361887013e-12 13.518378622748559
Sandstone-claypoor 1.7 7.390808215744316e-12 14.18568829408523
Sandstone-claypoor 1.8 7.016510070924309e-12 14.835591209308514
Sandstone-claypoor 1.9 6.650728226162148e-12 15.468658093766484
Sandstone-claypoor 2.0 6.293571950176756e-12 16.085445394419455
Quartzite 0.0 1.4931763856053262e-11 0.08378396567827164
Quartzite 0.1 1.4436933201271363e-11 1.0214654055842862
Quartzite 0.2 1.3945074829166176e-11 2.0179858288335666
Quartzite 0.3 1.345890381721214e-11 2.989555988026886
Quartzite 0.4 1.2978786647799036e-11 3.9363128420972777
Quartzite 0.5 1.2505037550881807e-11 4.858510511572518
Quartzite 0.6 1.203792851538252e-11 5.756498209122617
Quartzite 0.7 1.157769705591988e-11 6.630701044030443
Quartzite 0.8 1.1124552332441066e-11 7.481603494917294
Quartzite 0.9 1.0678680072491299e-11 8.309735307810252
Quartzite 1.0 1.0240246627686635e-11 9.11565956267987
Quartzite 1.1 9.809402403401241e-12 9.899962653433926
Quartzite 1.2 9.386284829573255e-12 10.66324593834614
Quartzite 1.3 8.971020986950428e-12 11.40611883585716
Quartzite 1.4 8.563729963531037e-12 12.12919316164938
Quartzite 1.5 8.164524987381195e-12 12.833078524841603
Quartzite 1.6 7.773515361887013e-12 13.518378622748559
Quartzite 1.7 7.390808215744316e-12 14.18568829408523
Quartzite 1.8 7.016510070924309e-12 14.835591209308514
Quartzite 1.9 6.650728226162148e-12 15.468658093766484
Quartzite 2.0 6.293571950176756e-12 16.085445394419455
Arkose 0.0 1.3975611466418793e-11 0.08378396567827164
Arkose 0.1 1.3453230308207577e-11 1.0214654055842862
Arkose 0.2 1.2934671248449078e-11 2.0179858288335666
Arkose 0.3 1.2422526595113572e-11 2.989555988026886
Arkose 0.4 1.1917194987455807e-11 3.9363128420972777
Arkose 0.5 1.1419031242185328e-11 4.858510511572518
Arkose 0.6 1.0928356117895212e-11 5.756498209122617
Arkose 0.7 1.0445463864365641e-11 6.630701044030443
Arkose 0.8 9.970628143375928e-12 7.481603494917294
Arkose 0.9 9.50410675862595e-12 8.309735307810252
Arkose 1.0 9.046145513611246e-12 9.11565956267987
Arkose 1.1 8.596981423511115e-12 9.899962653433926
Arkose 1.2 8.15684543599689e-12 10.66324593834614
Arkose 1.3 7.725964762306732e-12 11.40611883585716
Arkose 1.4 7.304564880385544e-12 12.12919316164938
Arkose 1.5 6.892871243282702e-12 12.833078524841603
Arkose 1.6 6.491110705778699e-12 13.518378622748559
Arkose 1.7 6.099512668287532e-12 14.18568829408523
Arkose 1.8 5.718309927792472e-12 14.835591209308514
Arkose 1.9 5.347739219622619e-12 15.468658093766484
Arkose 2.0 4.988041430281072e-12 16.085445394419455
Arkose-quartzrich 0.0 1.4619840379489396e-11 0.08378396567827164
Arkose-quartzrich 0.1 1.412852105826791e-11 1.0214654055842862
Arkose-quartzrich 0.2 1.3640159853888322e-11 2.0179858288335666
Arkose-quartzrich 0.3 1.3157433956767509e-11 2.989555988026886
Arkose-quartzrich 0.4 1.268072039881061e-11 3.9363128420972777
Arkose-quartzrich 0.5 1.2210344503976148e-11 4.858510511572518
Arkose-quartzrich 0.6 1.1746589754957612e-11 5.756498209122617
Arkose-quartzrich 0.7 1.1289705451763056e-11 6.630701044030443
Arkose-quartzrich 0.8 1.0839912749728904e-11 7.481603494917294
Arkose-quartzrich 0.9 1.0397409518813536e-11 8.309735307810252
Arkose-quartzrich 1.0 9.962374349584532e-12 9.11565956267987
Arkose-quartzrich 1.1 9.534969940142495e-12 9.899962653433926
Arkose-quartzrich 1.2 9.115346028205371e-12 10.66324593834614
Arkose-quartzrich 1.3 8.703641979837161e-12 11.40611883585716
Arkose-quartzrich 1.4 8.299989107385206e-12 12.12919316164938
Arkose-quartzrich 1.5 7.904512761104257e-12 12.833078524841603
Arkose-quartzrich 1.6 7.51733421918686e-12 13.518378622748559
Arkose-quartzrich 1.7 7.1385723874315146e-12 14.18568829408523
Arkose-quartzrich 1.8 6.768345310911014e-12 14.835591209308514
Arkose-quartzrich 1.9 6.406771494451784e-12 15.468658093766484
Arkose-quartzrich 2.0 6.053971025498171e-12 16.085445394419455
Arkose-quartzpoor 0.0 4.52245200538722e-12 0.08378396567827164
Arkose-quartzpoor 0.1 4.360137421393337e-12 1.0214654055842862
Arkose-quartzpoor 0.2 4.19893876502441e-12 2.0179858288335666
Arkose-quartzpoor 0.3 4.039687820435272e-12 2.989555988026886
Arkose-quartzpoor 0.4 3.882505917641903e-12 3.9363128420972777
Arkose-quartzpoor 0.5 3.727499554013944e-12 4.858510511572518
Arkose-quartzpoor 0.6 3.574763512025105e-12 5.756498209122617
Arkose-quartzpoor 0.7 3.4243832738629286e-12 6.630701044030443
Arkose-quartzpoor 0.8 3.2764369198113827e-12 7.481603494917294
Arkose-quartzpoor 0.9 3.1309966503202166e-12 8.309735307810252
Arkose-quartzpoor 1.0 2.988130034190315e-12 9.11565956267987
Arkose-quartzpoor 1.1 2.8479010559991046e-12 9.899962653433926
Arkose-quartzpoor 1.2 2.7103710134088123e-12 10.66324593834614
Arkose-quartzpoor 1.3 2.575599298076977e-12 11.40611883585716
Arkose-quartzpoor 1.4 2.4436440813974437e-12 12.12919316164938
Arkose-quartzpoor 1.5 2.314562917274919e-12 12.833078524841603
Arkose-quartzpoor 1.6 2.1884132677680183e-12 13.518378622748559
Arkose-quartzpoor 1.7 2.0652529530646727e-12 14.18568829408523
Arkose-quartzpoor 1.8 1.9451405243512237e-12 14.835591209308514
Arkose-quartzpoor 1.9 1.8281355562886186e-12 15.468658093766484
Arkose-quartzpoor 2.0 1.7142988546992567e-12 16.085445394419455
Arkose-clayrich 0.0 1.4301248945819676e-12 0.08378396567827164
Arkose-clayrich 0.1 1.3787965162936304e-12 1.0214654055842862
Arkose-clayrich 0.2 1.3278210253051695e-12 2.0179858288335666
Arkose-clayrich 0.3 1.2774614548616764e-12 2.989555988026886
Arkose-clayrich 0.4 1.2277561728830538e-12 3.9363128420972777
Arkose-clayrich 0.5 1.178738856794588e-12 4.858510511572518
Arkose-clayrich 0.6 1.130439479446206e-12 5.756498209122617
Arkose-clayrich 0.7 1.0828850726791009e-12 6.630701044030443
Arkose-clayrich 0.8 1.0361003276470422e-12 7.481603494917294
Arkose-clayrich 0.9 9.901080761369638e-13 8.309735307810252
Arkose-clayrich 1.0 9.44929685279822e-13 9.11565956267987
Arkose-clayrich 1.1 9.005853887755895e-13 9.899962653433926
Arkose-clayrich 1.2 8.570945706470622e-13 10.66324593834614
Arkose-clayrich 1.3 8.144760121854184e-13 11.40611883585716
Arkose-clayrich 1.4 7.72748108800581e-13 12.12919316164938
Arkose-clayrich 1.5 7.319290606352621e-13 12.833078524841603
Arkose-clayrich 1.6 6.920370387878878e-13 13.518378622748559
Arkose-clayrich 1.7 6.530903276073182e-13 14.18568829408523
Arkose-clayrich 1.8 6.151074426044077e-13 14.835591209308514
Arkose-clayrich 1.9 5.781072229410984e-13 15.468658093766484
Arkose-clayrich 2.0 5.421088971067699e-13 16.085445394419455
Arkose-claypoor 0.0 1.3975611466418793e-11 0.08378396567827164
Arkose-claypoor 0.1 1.3465931033603881e-11 1.0214654055842862
Arkose-claypoor 0.2 1.2959788111587683e-11 2.0179858288335666
Arkose-claypoor 0.3 1.2459777225690972e-11 2.989555988026886
Arkose-claypoor 0.4 1.1966296754830218e-11 3.9363128420972777
Arkose-claypoor 0.5 1.1479698680870103e-11 4.858510511572518
Arkose-claypoor 0.6 1.1000298293281507e-11 5.756498209122617
Arkose-claypoor 0.7 1.0528381706070775e-11 6.630701044030443
Arkose-claypoor 0.8 1.0064211767360242e-11 7.481603494917294
Arkose-claypoor 0.9 9.608032795584017e-12 8.309735307810252
Arkose-claypoor 1.0 9.160074459509582e-12 9.11565956267987
Arkose-claypoor 1.1 8.720555028043149e-12 9.899962653433926
Arkose-claypoor 1.2 8.289684145798491e-12 10.66324593834614
Arkose-claypoor 1.3 7.867665237756976e-12 11.40611883585716
Arkose-claypoor 1.4 7.45469760751027e-12 12.12919316164938
Arkose-claypoor 1.5 7.050978265541815e-12 12.833078524841603
Arkose-claypoor 1.6 6.656703504247565e-12 13.518378622748559
Arkose-claypoor 1.7 6.272070222862417e-12 14.18568829408523
Arkose-claypoor 1.8 5.897276996500439e-12 14.835591209308514
Arkose-claypoor 1.9 5.532524877847066e-12 15.468658093766484
Arkose-claypoor 2.0 5.178017916676609e-12 16.085445394419455
Arkose-dolomite 0.0 4.419476392744923e-12 0.08378396567827164
Arkose-dolomite 0.1 4.258301288093367e-12 1.0214654055842862
Arkose-dolomite 0.2 4.098244842578948e-12 2.0179858288335666
Arkose-dolomite 0.3 3.9401275171477375e-12 2.989555988026886
Arkose-dolomite 0.4 3.784075290274496e-12 3.9363128420972777
Arkose-dolomite 0.5 3.630199468397994e-12 4.858510511572518
Arkose-dolomite 0.6 3.4785997548032516e-12 5.756498209122617
Arkose-dolomite 0.7 3.3293666266833045e-12 6.630701044030443
Arkose-dolomite 0.8 3.182583203912706e-12 7.481603494917294
Arkose-dolomite 0.9 3.0383267467640494e-12 8.309735307810252
Arkose-dolomite 1.0 2.8966698828786085e-12 9.11565956267987
Arkose-dolomite 1.1 2.7576816349449867e-12 9.899962653433926
Arkose-dolomite 1.2 2.62142829841106e-12 10.66324593834614
Arkose-dolomite 1.3 2.487974201904226e-12 11.40611883585716
Arkose-dolomite 1.4 2.357382370754043e-12 12.12919316164938
Arkose-dolomite 1.5 2.229715105145567e-12 12.833078524841603
Arkose-dolomite 1.6 2.105034478184664e-12 13.518378622748559
Arkose-dolomite 1.7 1.983402754876516e-12 14.18568829408523
Arkose-dolomite 1.8 1.8648827301858206e-12 14.835591209308514
Arkose-dolomite 1.9 1.7495379825541582e-12 15.468658093766484
Arkose-dolomite 2.0 1.6374330381858054e-12 16.085445394419455
Siltstone 0.0 6.289248965250296e-16 0.08378396567827164
Siltstone 0.1 6.001054756217633e-16 1.0214654055842862
Siltstone 0.2 5.718828965201125e-16 2.0179858288335666
Siltstone 0.3 5.443167515185775e-16 2.989555988026886
Siltstone 0.4 5.17374316244149e-16 3.9363128420972777
Siltstone 0.5 4.910270205900601e-16 4.858510511572518
Siltstone 0.6 4.652506384308227e-16 5.756498209122617
Siltstone 0.7 4.4002540575113133e-16 6.630701044030443
Siltstone 0.8 4.153360931815761e-16 7.481603494917294
Siltstone 0.9 3.911720503524344e-16 8.309735307810252
Siltstone 1.0 3.6752723272634957e-16 9.11565956267987
Siltstone 1.1 3.4440021625751434e-16 9.899962653433926
Siltstone 1.2 3.2179420101274e-16 10.66324593834614
Siltstone 1.3 2.9971700149975234e-16 11.40611883585716
Siltstone 1.4 2.7818101865459273e-16 12.12919316164938
Siltstone 1.5 2.5720318606541127e-16 12.833078524841603
Siltstone 1.6 2.3680488091870217e-16 13.518378622748559
Siltstone 1.7 2.1701178824877023e-16 14.18568829408523
Siltstone 1.8 1.9785370528962639e-16 14.835591209308514
Siltstone 1.9 1.7936427104225167e-16 15.468658093766484
Siltstone 2.0 1.6158060458557416e-16 16.085445394419455
Siltstone-orgrich 0.0 6.289248965250296e-16 0.08378396567827164
Siltstone-orgrich 0.1 6.001054756217633e-16 1.0214654055842862
Siltstone-orgrich 0.2 5.718828965201125e-16 2.0179858288335666
Siltstone-orgrich 0.3 5.443167515185775e-16 2.989555988026886
Siltstone-orgrich 0.4 5.17374316244149e-16 3.9363128420972777
Siltstone-orgrich 0.5 4.910270205900601e-16 4.858510511572518
Siltstone-orgrich 0.6 4.652506384308227e-16 5.756498209122617
Siltstone-orgrich 0.7 4.4002540575113133e-16 6.630701044030443
Siltstone-orgrich 0.8 4.153360931815761e-16 7.481603494917294
Siltstone-orgrich 0.9 3.911720503524344e-16 8.309735307810252
Siltstone-orgrich 1.0 3.6752723272634957e-16 9.11565956267987
Siltstone-orgrich 1.1 3.4440021625751434e-16 9.899962653433926
Siltstone-orgrich 1.2 3.2179420101274e-16 10.66324593834614
Siltstone-orgrich 1.3 2.9971700149975234e-16 11.40611883585716
Siltstone-orgrich 1.4 2.7818101865459273e-16 12.12919316164938
Siltstone-orgrich 1.5 2.5720318606541127e-16 12.833078524841603
Siltstone-orgrich 1.6 2.3680488091870217e-16 13.518378622748559
Siltstone-orgrich 1.7 2.1701178824877023e-16 14.18568829408523
Siltstone-orgrich 1.8 1.9785370528962639e-16 14.835591209308514
Siltstone-orgrich 1.9 1.7936427104225167e-16 15.468658093766484
Siltstone-orgrich 2.0 1.6158060458557416e-16 16.085445394419455
Siltstone-TOC10 0.0 6.289248965250296e-16 0.08378396567827164
Siltstone-TOC10 0.1 6.001054756217633e-16 1.0214654055842862
Siltstone-TOC10 0.2 5.718828965201125e-16 2.0179858288335666
Siltstone-TOC10 0.3 5.443167515185775e-16 2.989555988026886
Siltstone-TOC10 0.4 5.17374316244149e-16 3.9363128420972777
Siltstone-TOC10 0.5 4.910270205900601e-16 4.858510511572518
Siltstone-TOC10 0.6 4.652506384308227e-16 5.756498209122617
Siltstone-TOC10 0.7 4.4002540575113133e-16 6.630701044030443
Siltstone-TOC10 0.8 4.153360931815761e-16 7.481603494917294
Siltstone-TOC10 0.9 3.911720503524344e-16 8.309735307810252
Siltstone-TOC10 1.0 3.6752723272634957e-16 9.11565956267987
Siltstone-TOC10 1.1 3.4440021625751434e-16 9.899962653433926
Siltstone-TOC10 1.2 3.2179420101274e-16 10.66324593834614
Siltstone-TOC10 1.3 2.9971700149975234e-16 11.40611883585716
Siltstone-TOC10 1.4 2.7818101865459273e-16 12.12919316164938
Siltstone-TOC10 1.5 2.5720318606541127e-16 12.833078524841603
Siltstone-TOC10 1.6 2.3680488091870217e-16 13.518378622748559
Siltstone-TOC10 1.7 2.1701178824877023e-16 14.18568829408523
Siltstone-TOC10 1.8 1.9785370528962639e-16 14.835591209308514
Siltstone-TOC10 1.9 1.7936427104225167e-16 15.468658093766484
Siltstone-TOC10 2.0 1.6158060458557416e-16 16.085445394419455
Siltstone-TOC2-3 0.0 6.289248965250296e-16 0.08378396567827164
Siltstone-TOC2-3 0.1 6.001054756217633e-16 1.0214654055842862
Siltstone-TOC2-3 0.2 5.718828965201125e-16 2.0179858288335666
Siltstone-TOC2-3 0.3 5.443167515185775e-16 2.989555988026886
Siltstone-TOC2-3 0.4 5.17374316244149e-16 3.9363128420972777
Siltstone-TOC2-3 0.5 4.910270205900601e-16 4.858510511572518
Siltstone-TOC2-3 0.6 4.652506384308227e-16 5.756498209122617
Siltstone-TOC2-3 0.7 4.4002540575113133e-16 6.630701044030443
Siltstone-TOC2-3 0.8 4.153360931815761e-16 7.481603494917294
Siltstone-TOC2-3 0.9 3.911720503524344e-16 8.309735307810252
Siltstone-TOC2-3 1.0 3.6752723272634957e-16 9.11565956267987
Siltstone-TOC2-3 1.1 3.4440021625751434e-16 9.899962653433926
Siltstone-TOC2-3 1.2 3.2179420101274e-16 10.66324593834614
Siltstone-TOC2-3 1.3 2.9971700149975234e-16 11.40611883585716
Siltstone-TOC2-3 1.4 2.7818101865459273e-16 12.12919316164938
Siltstone-TOC2-3 1.5 2.5720318606541127e-16 12.833078524841603
Siltstone-TOC2-3 1.6 2.3680488091870217e-16 13.518378622748559
Siltstone-TOC2-3 1.7 2.1701178824877023e-16 14.18568829408523
Siltstone-TOC2-3 1.8 1.9785370528962639e-16 14.835591209308514
Siltstone-TOC2-3 1.9 1.7936427104225167e-16 15.468658093766484
Siltstone-TOC2-3 2.0 1.6158060458557416e-16 16.085445394419455
Conglomerate 0.0 1.065418762312401e-12 0.08378396567827164
Conglomerate 0.1 1.020537831313724e-12 1.0214654055842862
Conglomerate 0.2 9.760660604775332e-13 2.0179858288335666
Conglomerate 0.3 9.322216269025762e-13 2.989555988026886
Conglomerate 0.4 8.890542199837215e-13 3.9363128420972777
Conglomerate 0.5 8.466089868885321e-13 4.858510511572518
Conglomerate 0.6 8.049273178854959e-13 5.756498209122617
Conglomerate 0.7 7.640474525476619e-13 6.630701044030443
Conglomerate 0.8 7.240049532666605e-13 7.481603494917294
Conglomerate 0.9 6.848330804549693e-13 8.309735307810252
Conglomerate 1.0 6.465630942400953e-13 9.11565956267987
Conglomerate 1.1 6.092245000153888e-13 9.899962653433926
Conglomerate 1.2 5.72845249553753e-13 10.66324593834614
Conglomerate 1.3 5.374519051807697e-13 11.40611883585716
Conglomerate 1.4 5.030697714473681e-13 12.12919316164938
Conglomerate 1.5 4.697229965859139e-13 12.833078524841603
Conglomerate 1.6 4.374346445665056e-13 13.518378622748559
Conglomerate 1.7 4.0622673762091626e-13 14.18568829408523
Conglomerate 1.8 3.761202685342821e-13 14.835591209308514
Conglomerate 1.9 3.4713518171437247e-13 15.468658093766484
Conglomerate 2.0 3.192903219565183e-13 16.085445394419455
Conglomerate-quartzite 0.0 1.065418762312401e-12 0.08378396567827164
Conglomerate-quartzite 0.1 1.020537831313724e-12 1.0214654055842862
Conglomerate-quartzite 0.2 9.760660604775332e-13 2.0179858288335666
Conglomerate-quartzite 0.3 9.322216269025762e-13 2.989555988026886
Conglomerate-quartzite 0.4 8.890542199837215e-13 3.9363128420972777
Conglomerate-quartzite 0.5 8.466089868885321e-13 4.858510511572518
Conglomerate-quartzite 0.6 8.049273178854959e-13 5.756498209122617
Conglomerate-quartzite 0.7 7.640474525476619e-13 6.630701044030443
Conglomerate-quartzite 0.8 7.240049532666605e-13 7.481603494917294
Conglomerate-quartzite 0.9 6.848330804549693e-13 8.309735307810252
Conglomerate-quartzite 1.0 6.465630942400953e-13 9.11565956267987
Conglomerate-quartzite 1.1 6.092245000153888e-13 9.899962653433926
Conglomerate-quartzite 1.2 5.72845249553753e-13 10.66324593834614
Conglomerate-quartzite 1.3 5.374519051807697e-13 11.40611883585716
Conglomerate-quartzite 1.4 5.030697714473681e-13 12.12919316164938
Conglomerate-quartzite 1.5 4.697229965859139e-13 12.833078524841603
Conglomerate-quartzite 1.6 4.374346445665056e-13 13.518378622748559
Conglomerate-quartzite 1.7 4.0622673762091626e-13 14.18568829408523
Conglomerate-quartzite 1.8 3.761202685342821e-13 14.835591209308514
Conglomerate-quartzite 1.9 3.4713518171437247e-13 15.468658093766484
Conglomerate-quartzite 2.0 3.192903219565183e-13 16.085445394419455
Limestone-OG 0.0 4.530694758659904e-12 0.08378396567827164
Limestone-OG 0.1 4.494117376660801e-12 1.0214654055842862
Limestone-OG 0.2 4.45624172759739e-12 2.0179858288335666
Limestone-OG 0.3 4.417895042878462e-12 2.989555988026886
Limestone-OG 0.4 4.37919660592236e-12 3.9363128420972777
Limestone-OG 0.5 4.3402530634263994e-12 4.858510511572518
Limestone-OG 0.6 4.301160308466486e-12 5.756498209122617
Limestone-OG 0.7 4.262004899691129e-12 6.630701044030443
Limestone-OG 0.8 4.222865135330389e-12 7.481603494917294
Limestone-OG 0.9 4.1838118754419305e-12 8.309735307810252
Limestone-OG 1.0 4.1449091844285575e-12 9.11565956267987
Limestone-OG 1.1 4.1062148482146624e-12 9.899962653433926
Limestone-OG 1.2 4.067780806218985e-12 10.66324593834614
Limestone-OG 1.3 4.029653526981561e-12 11.40611883585716
Limestone-OG 1.4 3.991874347553022e-12 12.12919316164938
Limestone-OG 1.5 3.9544797901078386e-12 12.833078524841603
Limestone-OG 1.6 3.917501864309887e-12 13.518378622748559
Limestone-OG 1.7 3.8809683603943876e-12 14.18568829408523
Limestone-OG 1.8 3.844903135437735e-12 14.835591209308514
Limestone-OG 1.9 3.809326393616735e-12 15.468658093766484
Limestone-OG 2.0 3.77425496020637e-12 16.085445394419455
Limestone-WM 0.0 1.9573352558487787e-12 0.08378396567827164
Limestone-WM 0.1 1.9402834810530927e-12 1.0214654055842862
Limestone-WM 0.2 1.9226903661152898e-12 2.0179858288335666
Limestone-WM 0.3 1.904913721493448e-12 2.989555988026886
Limestone-WM 0.4 1.887005380412685e-12 3.9363128420972777
Limestone-WM 0.5 1.8690116020653573e-12 4.858510511572518
Limestone-WM 0.6 1.850973899258222e-12 5.756498209122617
Limestone-WM 0.7 1.832929663451132e-12 6.630701044030443
Limestone-WM 0.8 1.8149126391083787e-12 7.481603494917294
Limestone-WM 0.9 1.7969532881560639e-12 8.309735307810252
Limestone-WM 1.0 1.7790790759517761e-12 9.11565956267987
Limestone-WM 1.1 1.7613147024437765e-12 9.899962653433926
Limestone-WM 1.2 1.7436822959674432e-12 10.66324593834614
Limestone-WM 1.3 1.7262015822055889e-12 11.40611883585716
Limestone-WM 1.4 1.7088900370291087e-12 12.12919316164938
Limestone-WM 1.5 1.6917630290459453e-12 12.833078524841603
Limestone-WM 1.6 1.674833955547239e-12 13.518378622748559
Limestone-WM 1.7 1.658114373997487e-12 14.18568829408523
Limestone-WM 1.8 1.6416141301401751e-12 14.835591209308514
Limestone-WM 1.9 1.625341483072344e-12 15.468658093766484
Limestone-WM 2.0 1.6093032271910153e-12 16.085445394419455
Micrite 0.0 7.916495090709231e-12 0.08378396567827164
Micrite 0.1 7.673809787957509e-12 1.0214654055842862
Micrite 0.2 7.431771382662537e-12 2.0179858288335666
Micrite 0.3 7.191483863544118e-12 2.989555988026886
Micrite 0.4 6.9528374203850485e-12 3.9363128420972777
Micrite 0.5 6.715724802148481e-12 4.858510511572518
Micrite 0.6 6.480045765023157e-12 5.756498209122617
Micrite 0.7 6.245710575832694e-12 6.630701044030443
Micrite 0.8 6.01264288055896e-12 7.481603494917294
Micrite 0.9 5.780782169917531e-12 8.309735307810252
Micrite 1.0 5.550086011469403e-12 9.11565956267987
Micrite 1.1 5.3205321681447804e-12 9.899962653433926
Micrite 1.2 5.092120683889661e-12 10.66324593834614
Micrite 1.3 4.864875986245607e-12 11.40611883585716
Micrite 1.4 4.638849031131478e-12 12.12919316164938
Micrite 1.5 4.414119495274174e-12 12.833078524841603
Micrite 1.6 4.190798005250947e-12 13.518378622748559
Micrite 1.7 3.969028377801651e-12 14.18568829408523
Micrite 1.8 3.748989832989004e-12 14.835591209308514
Micrite 1.9 3.5308991291447283e-12 15.468658093766484
Micrite 2.0 3.3150125557055064e-12 16.085445394419455
Limestone-shaley 0.0 1.2208796623407952e-11 0.08378396567827164
Limestone-shaley 0.1 1.18510514021906e-11 1.0214654055842862
Limestone-shaley 0.2 1.149215472636634e-11 2.0179858288335666
Limestone-shaley 0.3 1.1134015355382139e-11 2.989555988026886
Limestone-shaley 0.4 1.0776656341494226e-11 3.9363128420972777
Limestone-shaley 0.5 1.0420091682400488e-11 4.858510511572518
Limestone-shaley 0.6 1.0064333935993759e-11 5.756498209122617
Limestone-shaley 0.7 9.70940032168425e-12 6.630701044030443
Limestone-shaley 0.8 9.355317772201158e-12 7.481603494917294
Limestone-shaley 0.9 9.002127285858816e-12 8.309735307810252
Limestone-shaley 1.0 8.649887836848645e-12 9.11565956267987
Limestone-shaley 1.1 8.298680027083417e-12 9.899962653433926
Limestone-shaley 1.2 7.948609604320855e-12 10.66324593834614
Limestone-shaley 1.3 7.59981092477591e-12 11.40611883585716
Limestone-shaley 1.4 7.252450401540437e-12 12.12919316164938
Limestone-shaley 1.5 6.906729950551413e-12 12.833078524841603
Limestone-shaley 1.6 6.56289042160442e-12 13.518378622748559
Limestone-shaley 1.7 6.221214981333781e-12 14.18568829408523
Limestone-shaley 1.8 5.882032396795308e-12 14.835591209308514
Limestone-shaley 1.9 5.545720151163917e-12 15.468658093766484
Limestone-shaley 2.0 5.2127073061933876e-12 16.085445394419455
Limestone-orgrich 0.0 1.2541022493099561e-11 0.08378396567827164
Limestone-orgrich 0.1 1.2171045209574702e-11 1.0214654055842862
Limestone-orgrich 0.2 1.1800484623473209e-11 2.0179858288335666
Limestone-orgrich 0.3 1.1431199561560308e-11 2.989555988026886
Limestone-orgrich 0.4 1.1063118456024084e-11 3.9363128420972777
Limestone-orgrich 0.5 1.0696166756235008e-11 4.858510511572518
Limestone-orgrich 0.6 1.0330274489687239e-11 5.756498209122617
Limestone-orgrich 0.7 9.965382322977296e-12 6.630701044030443
Limestone-orgrich 0.8 9.601446603977895e-12 7.481603494917294
Limestone-orgrich 0.9 9.23844374763112e-12 8.309735307810252
Limestone-orgrich 1.0 8.876374231733443e-12 9.11565956267987
Limestone-orgrich 1.1 8.515266392231378e-12 9.899962653433926
Limestone-orgrich 1.2 8.155180146447171e-12 10.66324593834614
Limestone-orgrich 1.3 7.796210724119578e-12 11.40611883585716
Limestone-orgrich 1.4 7.438492447336746e-12 12.12919316164938
Limestone-orgrich 1.5 7.082202568884151e-12 12.833078524841603
Limestone-orgrich 1.6 6.727565152121763e-12 13.518378622748559
Limestone-orgrich 1.7 6.374854952457552e-12 14.18568829408523
Limestone-orgrich 1.8 6.024401239313617e-12 14.835591209308514
Limestone-orgrich 1.9 5.6765914769589586e-12 15.468658093766484
Limestone-orgrich 2.0 5.3318747617102294e-12 16.085445394419455
Marl 0.0 1.0871609415537382e-14 0.08378396567827164
Marl 0.1 1.0555905138122645e-14 1.0214654055842862
Marl 0.2 1.0239706872395357e-14 2.0179858288335666
Marl 0.3 9.924671444602514e-15 2.989555988026886
Marl 0.4 9.610777375298989e-15 3.9363128420972777
Marl 0.5 9.297995720745208e-15 4.858510511572518
Marl 0.6 8.986296584483773e-15 5.756498209122617
Marl 0.7 8.675654282297706e-15 6.630701044030443
Marl 0.8 8.366051575243159e-15 7.481603494917294
Marl 0.9 8.057483283863948e-15 8.309735307810252
Marl 1.0 7.74995951461012e-15 9.11565956267987
Marl 1.1 7.443508664017874e-15 9.899962653433926
Marl 1.2 7.138180314489207e-15 10.66324593834614
Marl 1.3 6.834048094860788e-15 11.40611883585716
Marl 1.4 6.531212546992275e-15 12.12919316164938
Marl 1.5 6.2298040142621915e-15 12.833078524841603
Marl 1.6 5.929985547370689e-15 13.518378622748559
Marl 1.7 5.63195580573998e-15 14.18568829408523
Marl 1.8 5.3359519178455695e-15 14.835591209308514
Marl 1.9 5.042252250008465e-15 15.468658093766484
Marl 2.0 4.7511790197205375e-15 16.085445394419455
Dolomite 0.0 1.317745283953148e-09 0.08378396567827164
Dolomite 0.1 1.2800691168948694e-09 1.0214654055842862
Dolomite 0.2 1.2421380122112482e-09 2.0179858288335666
Dolomite 0.3 1.2041955633079103e-09 2.989555988026886
Dolomite 0.4 1.1662792920568487e-09 3.9363128420972777
Dolomite 0.5 1.1284232145121947e-09 4.858510511572518
Dolomite 0.6 1.0906586648889082e-09 5.756498209122617
Dolomite 0.7 1.0530149441315305e-09 6.630701044030443
Dolomite 0.8 1.0155198409727525e-09 7.481603494917294
Dolomite 0.9 9.782000618185171e-10 8.309735307810252
Dolomite 1.0 9.410815963719551e-10 9.11565956267987
Dolomite 1.1 9.041900383776544e-10 9.899962653433926
Dolomite 1.2 8.675508749555179e-10 10.66324593834614
Dolomite 1.3 8.311897534272275e-10 11.40611883585716
Dolomite 1.4 7.951327310654728e-10 12.12919316164938
Dolomite 1.5 7.59406510592112e-10 12.833078524841603
Dolomite 1.6 7.24038662322922e-10 13.518378622748559
Dolomite 1.7 6.89057832441123e-10 14.18568829408523
Dolomite 1.8 6.544939358459728e-10 14.835591209308514
Dolomite 1.9 6.203783312590615e-10 15.468658093766484
Dolomite 2.0 5.867439756951137e-10 16.085445394419455
Dolomite-sandy 0.0 4.025994129346346e-09 0.08378396567827164
Dolomite-sandy 0.1 3.9125935915896034e-09 1.0214654055842862
Dolomite-sandy 0.2 3.79825020913108e-09 2.0179858288335666
Dolomite-sandy 0.3 3.6837161903311026e-09 2.989555988026886
Dolomite-sandy 0.4 3.569113975779897e-09 3.9363128420972777
Dolomite-sandy 0.5 3.454555096362367e-09 4.858510511572518
Dolomite-sandy 0.6 3.340142676185768e-09 5.756498209122617
Dolomite-sandy 0.7 3.2259734061752458e-09 6.630701044030443
Dolomite-sandy 0.8 3.1121391329344427e-09 7.481603494917294
Dolomite-sandy 0.9 2.998728172674299e-09 8.309735307810252
Dolomite-sandy 1.0 2.885826431586562e-09 9.11565956267987
Dolomite-sandy 1.1 2.773518391276425e-09 9.899962653433926
Dolomite-sandy 1.2 2.6618879999659776e-09 10.66324593834614
Dolomite-sandy 1.3 2.55101949633033e-09 11.40611883585716
Dolomite-sandy 1.4 2.4409981822792696e-09 12.12919316164938
Dolomite-sandy 1.5 2.3319111530767215e-09 12.833078524841603
Dolomite-sandy 1.6 2.223847987317238e-09 13.518378622748559
Dolomite-sandy 1.7 2.1169013949631314e-09 14.18568829408523
Dolomite-sandy 1.8 2.011167818484528e-09 14.835591209308514
Dolomite-sandy 1.9 1.9067479798116224e-09 15.468658093766484
Dolomite-sandy 2.0 1.803747364047941e-09 16.085445394419455
Dolomite-silty 0.0 2.077992475398001e-09 0.08378396567827164
Dolomite-silty 0.1 2.0189687187955524e-09 1.0214654055842862
Dolomite-silty 0.2 1.959505526538744e-09 2.0179858288335666
Dolomite-silty 0.3 1.899988862440371e-09 2.989555988026886
Dolomite-silty 0.4 1.8404796879913295e-09 3.9363128420972777
Dolomite-silty 0.5 1.7810333891790344e-09 4.858510511572518
Dolomite-silty 0.6 1.7217010727051064e-09 5.756498209122617
Dolomite-silty 0.7 1.662530587081766e-09 6.630701044030443
Dolomite-silty 0.8 1.6035673437436437e-09 7.481603494917294
Dolomite-silty 0.9 1.5448549951993856e-09 8.309735307810252
Dolomite-silty 1.0 1.486436012469534e-09 9.11565956267987
Dolomite-silty 1.1 1.428352192237754e-09 9.899962653433926
Dolomite-silty 1.2 1.3706451148558645e-09 10.66324593834614
Dolomite-silty 1.3 1.313356567165533e-09 11.40611883585716
Dolomite-silty 1.4 1.2565289386370093e-09 12.12919316164938
Dolomite-silty 1.5 1.2002055952269602e-09 12.833078524841603
Dolomite-silty 1.6 1.144431232320678e-09 13.518378622748559
Dolomite-silty 1.7 1.0892522058938627e-09 14.18568829408523
Dolomite-silty 1.8 1.0347168393964316e-09 14.835591209308514
Dolomite-silty 1.9 9.80875702656624e-10 15.468658093766484
Dolomite-silty 2.0 9.277818581953119e-10 16.085445394419455
Dolomite-org 0.0 4.4135678147511123e-10 0.08378396567827164
Dolomite-org 0.1 4.2855059307487407e-10 1.0214654055842862
Dolomite-org 0.2 4.1567713331015434e-10 2.0179858288335666
Dolomite-org 0.3 4.0281708531924354e-10 2.989555988026886
Dolomite-org 0.4 3.899821346960409e-10 3.9363128420972777
Dolomite-org 0.5 3.771828177757764e-10 4.858510511572518
Dolomite-org 0.6 3.6442879891691073e-10 5.756498209122617
Dolomite-org 0.7 3.517290883304696e-10 6.630701044030443
Dolomite-org 0.8 3.3909221669160245e-10 7.481603494917294
Dolomite-org 0.9 3.265263788363256e-10 8.309735307810252
Dolomite-org 1.0 3.1403955564933783e-10 9.11565956267987
Dolomite-org 1.1 3.016396206993325e-10 9.899962653433926
Dolomite-org 1.2 2.8933443618035637e-10 10.66324593834614
Dolomite-org 1.3 2.771319411772531e-10 11.40611883585716
Dolomite-org 1.4 2.650402341033311e-10 12.12919316164938
Dolomite-org 1.5 2.5306765028236034e-10 12.833078524841603
Dolomite-org 1.6 2.412228349990264e-10 13.518378622748559
Dolomite-org 1.7 2.295148118668944e-10 14.18568829408523
Dolomite-org 1.8 2.1795304601562986e-10 14.835591209308514
Dolomite-org 1.9 2.0654750134343417e-10 15.468658093766484
Dolomite-org 2.0 1.953086908879544e-10 16.085445394419455
